42324633
42324626
42324618
42324603
42310970
42240055
42325659
42296178
42332773
42083916
42246268
41903509
42332952
42275229
42229197
42218832
42217942
42307633
42298353
42286866
42286862
42286837
42318993
42287157
42272171
42325658
42318496
42218857
42217398
42214851
42318593
42217364
42339759
42281243
42281240
42275298
42265922
42339179
42318494
42307111
42293687
42293686
42341218
42341002
42340199
42339585
42343233
42343158
42343156
42347958
42345497
42345905
42345446
42345342
42343801
42262337
42252578
42249825
42249636
42249624
42246374
42246276
42231528
42231521
42228606
42228352
42219654
42212684
42207498
42206586
42358238
42319089
42228778
42318055
42290978
42247989
42214632
42358648
42270270
42270269
42270261
42242027
42235313
42217340
42217339
42293685
42217801
42224978
42270240
42219081
42314264
42246172
42325577
42327947
42318525
42299337
42287798
42235856
42233540
42330272
42359624
42359615
42338136
42307994
42297374
42284465
42358072
42351248
42350810
42350667
42350461
42350371
42350320
42350257
42349734
42349580
42349372
42349351
42348437
42348418
42348340
42347834
42250416
42217635
42359604
42358115
42234406
42233743
42204878
42190059
41746183
42351342
42350499
42343825
42343792
42343790
42305017
42300832
42300240
42300190
42187106
42171254
42171200
42343039
42342337
42341319
42338417
42271561
42267397
42267396
42334278
42334232
42300433
42274413
42273877
42258672
42252989
42358726
42366515
42363866
42359815
42359789
42359688
42326072
42317296
42287819
42287814
42285219
42360319
42264255
42259406
42268251
42209382
42372111
42371794
42371672
42371621
42371328
42371248
42371047
42370855
42370520
42367143
42366748
42366536
42366250
42366202
42365782
42365306
42365212
42365140
42365092
42364684
42364246
42362546
41996810
42371210
42370481
42370424
42366905
42366317
42365487
42365429
42361179
42284560
42269600
42224058
42213084
42017428
41995599
42361564
42361474
42376755
42374626
42374604
42376617
42376614
42374850
42317453
42376004
42254540
42238519
42238517
42221684
42376011
42256413
42238545
42318873
42376687
42375128
42237901
42372715
42366503
42338566
42325905
42324070
42305241
42267896
42235245
42378658
42229198
42224769
42247992
42220643
42219129
42290090
42242803
42242799
42242798
42242820
42376471
42339081
42325251
42255469
42230021
42230016
42230015
42230014
42219642
42219637
42219631
42225032
42235356
42376742
42376944
42359998
42327948
42264448
42252887
42250667
42378111
42377901
42377677
42376888
42376728
42330274
42324657
42319083
42316416
42313477
42242806
42242804
42230022
